0 00 1000 3
2 01 38.2
2001 01 ERREUR
10020 02 -10.2
11112 03 157
17599 04 -85 1929292
19012 04 -35 1929298
19511 05 1929298 100123 100987
20000 00 1200 4
20001 04 -45 1525252
20002 04 -69 1525250
20004 04 -50 1525251
20005 05 1525250 200123 200987
20006 01 ERREUR
20007 01 ERREUR
20008 02 ERREUR
20009 02 ERREUR
20010 02 ERREUR
20011 03 ERREUR
20012 03 ERREUR
20013 03 ERREUR
20014 01 17.0
20015 01 40.0
20016 01 39.4
20017 02 -40.0
20018 02 -8.2
20019 02 40.0
20020 03 50
20021 03 123
20022 03 200
20022 01 16.9
20022 01 40.1
20023 02 -40.1
20024 02 40.1
20025 03 49
20026 03 201
